00000000000000000000000000000000000000000000000000000000000000000000000000000000000000000000000000000000000000000000000000000000000000000000000010010101010000000000000000000000000000000000000000000000
00000000000000000000000000000000000000000000000000000000000000000000000000000000000000000000000000000000000000000000000000000000000000000001010101010100000000000000000000000000000000000000000000000000
00000000000000000000000000000000000000000000000000000000000000000000000000000000000000000000000000000000000000000000000000000000000000000101010101010000000000000000000000000000000000000000000000000000
00000000000000000000000000000000000000000000000000000000000000000000000000000000000000000000000000000000000000000000000000000000000100010101010101010000000000000000000000100000000000000000000000000000
00000000000000000000000000000000000000000000000000000000000000000000000000000000000000000000000000000000000000000000000000000000010101010101010101010000000000000000010101010101010000000000000000000000
00000000000000000000000000000000000000000000000000000000000000000000000000000001010101010101000001010101100000000000000000000101010101010101010101011000000000010101010101000010010101010000000000000000
00000000000000000000000000000000000000000000000000000000000000000000010101010101010101010101010101010101010101010000000000000101010101010101010101010101010101010101010101010101010100000000000000000000
00000000000000000000000000000000000000000000000000000000000000000101010101010101010101010101010101010101010101010101000000010101010101010101010101000101010101010101010101010101010000000000000000000000
00000000000000000000000000000000000000000000000000000000000000010101010101010101010101010101010101010101010101010101010100010101010101010101010101010101010101010000000000010101000000000000000000000000
00000000000000000000000000000000000000000000000000000000000101010101010101010101010101010101010101010101010101010110001001010101010101010101010101010101010100000000000000000101000000000000000000000000
00000000000000000000000000000000000000000000000000000000010101010101010101010101010101010101010101010101010101010101010101000101010101010101010101010101010101010101010100000000000000000000000000000000
00000000000000000000000000000000000000000000000000000000010101010101010101010101010101010101010101010101010101010101010101010101010101010101010101010101010101010101010101010000000000000000000000000000
00000000000000000000000000000000000000000000000000000000010101010101010101010101010101010101010101010101010101010101010101010101010101010101010101010101010110010101010101100000000000000000000000000000
00000000000001010101010101011000000000000000000000000101010101010101010101010101010100000000000000000101010101010101010101010101010101010101010101010101000000000000010100000000000000000000000000000000
00000000010101010101010101010101010000000000000000000101100101010101010101010101010000000000000000000000010101010101010101010100010101010101010101010101000000000000100100000000000000000000000000000000
00000101010101010101010100000001010100000000000000000101010101010101010101010101000000000000000000000000010101010101010101010101010101010101010101010101000000000000000000000000000000000000000000000000
00010101010101010101000000000000000100000000000000000001010101010101010101010101000000000000000000000000000101010101010101010101011001010101010101010101010000000000000000000000000000000000000000000000
01010101010101010110000000000000000000000000000000000100010101010101010101010101010000000000000000000000001001010101010101010101010101010101010101010101010101000000000000000000000000000000000000000000
01010101010101011000000000000000000000000000000000000101100101010101010101010101010000000000000000000000001001010101010101010101010101010101010101010101010101010101000000000000000000000000000000000000
01010101010101100000000000000000000000000000000000000001010101010101010101010101010100000000000000000000000101010101010101010101010101010101010101010101010101010101010101010000000000000000000000000000
01010101010101010101000000000000000000000000000000000000010101010101010101010101010101000000000000000000000101010101010101010101010101010101010101010101010101010101010101010101000000000000010101010000
01010101010101010110000000000000000000000000000000000000001001010101010101010101010101010000000000000000000101010101010101010101011000010101010001010101010101010101010101010101010000000101010101010101
01010101010101010101000000000000000000000000000000000000010101010101010101010101010101010100000000000000000101010101010101010101010100000000000001010101010101010101010101010101010100010101010101010101
01010101010101010110010110000000000000000000000000000000000101010101010101010101010101010110000000000000000101010101010101010101010101000000000001010101010101010101010101010101010101010101010100000101
00010101010101010101010000000000000000000000000000000000000100010101010101010101010101010110000000000000000001010101010101010101010101010000000101010101010101010101010101010101010101010101010101000101
00000101010101010101010101010000100000000000000000000000010101010101010101010101010101010101000000000000000001010101010101010101010101010101010101010101010101010101010101010101010101010101000001010100
00000001010101010101010101010101000101000001000001100001010101010101010101010101010101010100000000000000000000010101010101010101010101010101010101010101010101010101010101010101010101010000000001010100
00000000010101010101010101010101010101010101000101010101010101010101010101010101010101010100000000000000000000001001010101010101010101010101010101010101010101010101010101010101000000000101010101010100
00000000000101010101010101010101010101010101010101010101010101010101010101010101010101010000000000000000000000000000010101010101010101010101010101010101010101010101010101010000000000000000010101000000
00000000000010010101010101010101010101010101010101010101010101010101010101010101010100000000000000000000000000000000000001010101010101010101010101010101010101010101010101000000000000000000000000000000
00000000000000000101010101010101010101010101010101010101010101010101010101010101000000000000000000000000000000000000000000000101010101010101010101010101010101010100000101010101010100000000000000000000
00000000000000000000000101010101010101010101010101010101010101010101010101000000000000000000000000000000000000000000000000000000010101010101010101010101010101000010010101010101010101000000000000000000
00000000000000000000000000000101010101010101010101010101010101010101000000000000000000000010011001000000000000000000000000000000000000100101010101010101010101010101010101010000000101010000000000000000
00000000000000000000000000000000000001010101010101010101010101010100000000000000000101010101010101010100000000000000000000000000000000000000000101010101010101010101010101010000000001000000000000000000
00000000000000000000000000000000010101010101010101010101010101010101010101010101010101010101010101010101000000000000000000000000000000000000000000000101010101010101010101010101000000000000000000000000
00000000000000000000000000000000010101010101010101010101010101010101010101010101010100000101010100010101000000000000000000000000000000000000000000000101010101010101010100000101011000000000000000000000
00000000000000000000000000000000000000000001010101010101010101010101010101010101000101010101010001010000000000000000000000000000000000000000000000000000010101010101010101010101011000000000000000000000
000000000000000000000000000000000000000000000000000000000000000000000000000000000000000000000000000000000000000000000000000000000000000000000000000000000000000000010101010101011000000000000000